import numpy as np
from matplotlib import pyplot as plt

learn = .001

cities = ["BOS", "NYC", "DC", "MIA", "CHI", "SEA", "SF", "LA", "DEN"]

actual = np.array([
    [-71.0589, 42.3601],
    [-74.0060, 40.7128],
    [-77.0369, 38.9072],
    [-80.1918, 25.7617],
    [-87.6298, 41.8781],
    [-122.3321, 47.6062],
    [-122.4194, 37.7749],
    [-118.2437, 34.0522],
    [-104.9903, 39.7392]])

guess = np.array([
    [0.0,0.0],
    [0.0,0.0],
    [0.0,0.0],
    [0.0,0.0],
    [0.0,0.0],
    [0.0,0.0],
    [0.0,0.0],
    [0.0,0.0],
    [0.0,0.0]])

D = [
    [0, 206, 429, 1504, 963, 2976, 3095, 2979, 1949],
    [206, 0, 233, 1308, 802, 2815, 2934, 2786, 1771],
    [429, 233, 0, 1075, 671, 2684, 2799, 2631, 1616],
    [1504, 1308, 1075, 0, 1329, 3273, 3053, 2687, 2037],
    [963, 802, 671, 1329, 0, 2013, 2142, 2054, 996],
    [2976, 2815, 2684, 3273, 2013, 0, 808, 1131, 1307],
    [3095, 2934, 2799, 3053, 2142, 808, 0, 379, 1235],
    [2979, 2786, 2631, 2687, 2054, 1131, 379, 0, 1059],
    [1949, 1771, 1616, 2037, 996, 1307, 1235, 1059, 0]
    ]


# u = xi - xj
# 2u * (1 - Dij / ||u||)






#normalize actual
for points in actual:
    points[0] = (points[0] + 71.0589) * 69
    points[1] = (points[1] - 42.3601) * 69

#print the plot
#actual
plt.plot(actual[:,0], actual[:,1], 'ro')
for i, txt in enumerate(cities):
    plt.annotate(txt, (actual[i][0],actual[i][1]))

#guess
plt.plot(guess[:,0], guess[:,1], 'bo')
for i, txt in enumerate(cities):
    plt.annotate(txt, (guess[i][0],guess[i][1]))

plt.show()